time	I(C1)
0.000000000000000e+00	0.000000e+00
4.571428553162046e-12	2.268734e-07
9.142857106324091e-12	7.868536e-07
1.371428565948614e-11	1.679941e-06
1.828571421264818e-11	2.906135e-06
2.285714276581023e-11	4.465436e-06
2.742857131897227e-11	6.357844e-06
3.199999987213431e-11	8.583359e-06
6.399999974426862e-11	3.133611e-05
1.076165421430570e-10	8.197905e-05
1.593706021663316e-10	1.701821e-04
2.068640169103362e-10	2.820355e-04
2.772705173821745e-10	5.012512e-04
3.620478987873284e-10	8.441751e-04
4.841239538257550e-10	1.481203e-03
6.388398313636230e-10	2.502453e-03
8.341523313636230e-10	4.077281e-03
1.029464831363623e-09	5.914130e-03
1.224777331363623e-09	7.959042e-03
1.420089831363623e-09	1.013265e-02
1.615402331363623e-09	1.235163e-02
1.810714831363623e-09	1.453082e-02
2.006027331363623e-09	1.658539e-02
2.201339831363623e-09	1.843302e-02
2.396652331363622e-09	1.999586e-02
2.591964831363622e-09	2.120253e-02
2.787277331363622e-09	2.198984e-02
2.982589831363622e-09	2.230435e-02
3.177902331363622e-09	2.210374e-02
3.373214831363621e-09	2.135784e-02
3.568527331363621e-09	2.004949e-02
3.763839831363621e-09	1.817504e-02
3.959152331363621e-09	1.574457e-02
4.154464831363620e-09	1.278182e-02
4.349777331363620e-09	9.323851e-03
4.545089831363620e-09	5.420363e-03
4.740402331363620e-09	1.132782e-03
4.935714831363620e-09	-3.466905e-03
5.131027331363619e-09	-8.297553e-03
5.326339831363619e-09	-1.327046e-02
5.521652331363619e-09	-1.829110e-02
5.716964831363619e-09	-2.326107e-02
5.912277331363618e-09	-2.808000e-02
6.107589831363618e-09	-3.264763e-02
6.302902331363618e-09	-3.686584e-02
6.498214831363618e-09	-4.064069e-02
6.693527331363618e-09	-4.388431e-02
6.888839831363617e-09	-4.651685e-02
7.084152331363617e-09	-4.846808e-02
7.279464831363617e-09	-4.970931e-02
7.445312038091745e-09	-5.013170e-02
7.629666736545626e-09	-4.986966e-02
7.824979236545626e-09	-4.879808e-02
8.020291736545626e-09	-4.689612e-02
8.215604236545625e-09	-4.416099e-02
8.410916736545625e-09	-4.061692e-02
8.606229236545625e-09	-3.630334e-02
8.801541736545625e-09	-3.127437e-02
8.996854236545625e-09	-2.559809e-02
9.192166736545624e-09	-1.935544e-02
9.387479236545624e-09	-1.263904e-02
9.582791736545624e-09	-5.551590e-03
9.778104236545624e-09	1.795737e-03
9.973416736545623e-09	9.285210e-03
1.016872923654562e-08	1.679452e-02
1.036404173654562e-08	2.419886e-02
1.055935423654562e-08	3.137313e-02
1.075466673654562e-08	3.819405e-02
1.094997923654562e-08	4.454237e-02
1.114529173654562e-08	5.030500e-02
1.134060423654562e-08	5.537700e-02
1.153591673654562e-08	5.966349e-02
1.173122923654562e-08	6.308138e-02
1.192654173654562e-08	6.556098e-02
1.212185423654562e-08	6.704724e-02
1.231716673654562e-08	6.755187e-02
1.247500759177289e-08	6.718057e-02
1.264071013962141e-08	6.596684e-02
1.283602263962141e-08	6.357259e-02
1.303133513962141e-08	6.018719e-02
1.322664763962141e-08	5.581097e-02
1.342196013962141e-08	5.050126e-02
1.361727263962141e-08	4.433129e-02
1.381258513962141e-08	3.738909e-02
1.400789763962141e-08	2.977625e-02
1.420321013962141e-08	2.160629e-02
1.439852263962141e-08	1.300291e-02
1.459383513962141e-08	4.098050e-03
1.478914763962141e-08	-4.970193e-03
1.498446013962141e-08	-1.405980e-02
1.517977263962141e-08	-2.302711e-02
1.537508513962141e-08	-3.172914e-02
1.557039763962142e-08	-4.002590e-02
1.576571013962142e-08	-4.778273e-02
1.596102263962142e-08	-5.487247e-02
1.615633513962142e-08	-6.117759e-02
1.635164763962142e-08	-6.659213e-02
1.654696013962142e-08	-7.102355e-02
1.674227263962142e-08	-7.439418e-02
1.693758513962143e-08	-7.664269e-02
1.713289763962143e-08	-7.772508e-02
1.732821013962143e-08	-7.766240e-02
1.749298931191326e-08	-7.668909e-02
1.764739424290600e-08	-7.492066e-02
1.784270674290600e-08	-7.162354e-02
1.803801924290600e-08	-6.726079e-02
1.823333174290600e-08	-6.183074e-02
1.842864424290601e-08	-5.541096e-02
1.862395674290601e-08	-4.809500e-02
1.881926924290601e-08	-3.999104e-02
1.901458174290601e-08	-3.122024e-02
1.920989424290601e-08	-2.191487e-02
1.940520674290601e-08	-1.221628e-02
1.960051924290601e-08	-2.272688e-03
1.979583174290602e-08	7.763080e-03
1.999114424290602e-08	1.773603e-02
2.018645674290602e-08	2.749139e-02
2.038176924290602e-08	3.687707e-02
2.057708174290602e-08	4.574604e-02
2.077239424290602e-08	5.395869e-02
2.096770674290602e-08	6.138499e-02
2.116301924290603e-08	6.790661e-02
2.135833174290603e-08	7.341880e-02
2.155364424290603e-08	7.783205e-02
2.174895674290603e-08	8.107360e-02
2.194426924290603e-08	8.308853e-02
2.213958174290603e-08	8.384080e-02
2.233489424290603e-08	8.335664e-02
2.250387255978451e-08	8.192896e-02
2.265630575845749e-08	7.974482e-02
2.285161825845749e-08	7.583117e-02
2.304693075845749e-08	7.081252e-02
2.324224325845749e-08	6.469333e-02
2.343755575845749e-08	5.756376e-02
2.363286825845749e-08	4.952985e-02
2.382818075845750e-08	4.071192e-02
2.402349325845750e-08	3.124271e-02
2.421880575845750e-08	2.126541e-02
2.441411825845750e-08	1.093143e-02
2.460943075845750e-08	3.980729e-04
2.480474325845750e-08	-1.017386e-02
2.500005575845750e-08	-2.062255e-02
2.519536825845751e-08	-3.078769e-02
2.539068075845751e-08	-4.051290e-02
2.558599325845751e-08	-4.964823e-02
2.578130575845751e-08	-5.805238e-02
2.597661825845751e-08	-6.559500e-02
2.617193075845751e-08	-7.215866e-02
2.636724325845751e-08	-7.764068e-02
2.656255575845752e-08	-8.195475e-02
2.675786825845752e-08	-8.503231e-02
2.695318075845752e-08	-8.682360e-02
2.714849325845752e-08	-8.729843e-02
2.734380575845752e-08	-8.648149e-02
2.751838201048587e-08	-8.465406e-02
2.767993151152404e-08	-8.196872e-02
2.787524401152404e-08	-7.756203e-02
2.807055651152404e-08	-7.202274e-02
2.826586901152404e-08	-6.537789e-02
2.846118151152404e-08	-5.772670e-02
2.865649401152405e-08	-4.918391e-02
2.885180651152405e-08	-3.987806e-02
2.904711901152405e-08	-2.994956e-02
2.924243151152405e-08	-1.954852e-02
2.943774401152405e-08	-8.832495e-03
2.963305651152405e-08	2.035946e-03
2.982836901152405e-08	1.289167e-02
3.002368151152405e-08	2.356950e-02
3.021899401152405e-08	3.390679e-02
3.041430651152405e-08	4.374583e-02
3.060961901152404e-08	5.293635e-02
3.080493151152404e-08	6.133772e-02
3.100024401152404e-08	6.882122e-02
3.119555651152404e-08	7.527192e-02
3.139086901152404e-08	8.059049e-02
3.158618151152403e-08	8.469471e-02
3.178149401152403e-08	8.752079e-02
3.197680651152403e-08	8.902426e-02
3.217211901152403e-08	8.918078e-02
3.236743151152403e-08	8.798642e-02
3.256274401152403e-08	8.546747e-02
3.275215702558150e-08	8.177531e-02
3.294746952558150e-08	7.673550e-02
3.314278202558150e-08	7.053773e-02
3.333809452558150e-08	6.326518e-02
3.353340702558149e-08	5.502709e-02
3.372871952558149e-08	4.594745e-02
3.392403202558149e-08	3.616314e-02
3.411934452558149e-08	2.582180e-02
3.431465702558149e-08	1.507970e-02
3.450996952558148e-08	4.099277e-03
3.470528202558148e-08	-6.953297e-03
3.490059452558148e-08	-1.791063e-02
3.509590702558148e-08	-2.860666e-02
3.529121952558148e-08	-3.887917e-02
3.548653202558148e-08	-4.857226e-02
3.568184452558147e-08	-5.753874e-02
3.587715702558147e-08	-6.564229e-02
3.607246952558147e-08	-7.275964e-02
3.626778202558147e-08	-7.878237e-02
3.646309452558147e-08	-8.361857e-02
3.665840702558146e-08	-8.719427e-02
3.685371952558146e-08	-8.945456e-02
3.704903202558146e-08	-9.036441e-02
3.724434452558146e-08	-8.990925e-02
3.743965702558146e-08	-8.810760e-02
3.762756255144067e-08	-8.510398e-02
3.782287505144067e-08	-8.070718e-02
3.801818755144066e-08	-7.510085e-02
3.821350005144066e-08	-6.835665e-02
3.840881255144066e-08	-6.057594e-02
3.860412505144066e-08	-5.187582e-02
3.879943755144066e-08	-4.238737e-02
3.899475005144065e-08	-3.225362e-02
3.919006255144065e-08	-2.162743e-02
3.938537505144065e-08	-1.066917e-02
3.958068755144065e-08	4.557070e-04
3.977600005144065e-08	1.157918e-02
3.997131255144064e-08	2.253318e-02
4.016662505144064e-08	3.315213e-02
4.036193755144064e-08	4.327550e-02
4.055725005144064e-08	5.275016e-02
4.075256255144064e-08	6.143275e-02
4.094787505144064e-08	6.919184e-02
4.114318755144063e-08	7.590991e-02
4.133850005144063e-08	8.148515e-02
4.153381255144063e-08	8.583298e-02
4.172912505144063e-08	8.888731e-02
4.192443755144063e-08	9.060163e-02
4.211975005144062e-08	9.094961e-02
4.231506255144062e-08	8.999255e-02
4.247158134234809e-08	8.822694e-02
4.263943636273083e-08	8.528677e-02
4.283474886273083e-08	8.069346e-02
4.303006136273083e-08	7.492768e-02
4.322537386273082e-08	6.802996e-02
4.342068636273082e-08	6.010406e-02
4.361599886273082e-08	5.126932e-02
4.381131136273082e-08	4.165879e-02
4.400662386273082e-08	3.141730e-02
4.420193636273082e-08	2.069918e-02
4.439724886273081e-08	9.666022e-03
4.459256136273081e-08	-1.515824e-03
4.478787386273081e-08	-1.267772e-02
4.498318636273081e-08	-2.365131e-02
4.517849886273081e-08	-3.427104e-02
4.537381136273080e-08	-4.437669e-02
4.556912386273080e-08	-5.381573e-02
4.576443636273080e-08	-6.244570e-02
4.595974886273080e-08	-7.013632e-02
4.615506136273080e-08	-7.677145e-02
4.635037386273080e-08	-8.225084e-02
4.654568636273079e-08	-8.649169e-02
4.674099886273079e-08	-8.942984e-02
4.693631136273079e-08	-9.102079e-02
4.713162386273079e-08	-9.124033e-02
4.732693636273079e-08	-9.013898e-02
4.749091528016154e-08	-8.817390e-02
4.764662334698524e-08	-8.534410e-02
4.784193584698524e-08	-8.063183e-02
4.803724834698524e-08	-7.477033e-02
4.823256084698523e-08	-6.778130e-02
4.842787334698523e-08	-5.976990e-02
4.862318584698523e-08	-5.085674e-02
4.881849834698523e-08	-4.117602e-02
4.901381084698523e-08	-3.087354e-02
4.920912334698522e-08	-2.010445e-02
4.940443584698522e-08	-9.030974e-03
4.959974834698522e-08	2.180071e-03
4.979506084698522e-08	1.335978e-02
4.999037334698522e-08	2.433972e-02
5.018568584698521e-08	3.495443e-02
5.038099834698521e-08	4.504397e-02
5.057631084698521e-08	5.445627e-02
5.077162334698521e-08	6.304949e-02
5.096693584698521e-08	7.069409e-02
5.116224834698521e-08	7.727483e-02
5.135756084698520e-08	8.269249e-02
5.155287334698520e-08	8.686537e-02
5.174818584698520e-08	8.973049e-02
5.194349834698520e-08	9.124462e-02
5.213881084698520e-08	9.138483e-02
5.233412334698519e-08	9.022428e-02
5.248576789504021e-08	8.837288e-02
5.264471007114013e-08	8.546069e-02
5.284002257114013e-08	8.073462e-02
5.303533507114013e-08	7.485361e-02
5.323064757114013e-08	6.784505e-02
5.342596007114013e-08	5.981439e-02
5.362127257114012e-08	5.088253e-02
5.381658507114012e-08	4.118387e-02
5.401189757114012e-08	3.086444e-02
5.420721007114012e-08	2.007957e-02
5.440252257114012e-08	8.991624e-03
5.459783507114011e-08	-2.232455e-03
5.479314757114011e-08	-1.342368e-02
5.498846007114011e-08	-2.441356e-02
5.518377257114011e-08	-3.503662e-02
5.537908507114011e-08	-4.513289e-02
5.557439757114010e-08	-5.455036e-02
5.576971007114010e-08	-6.314722e-02
5.596502257114010e-08	-7.079399e-02
5.616033507114010e-08	-7.737553e-02
5.635564757114010e-08	-8.279271e-02
5.655096007114010e-08	-8.696393e-02
5.674627257114009e-08	-8.982635e-02
5.694158507114009e-08	-9.133685e-02
5.713689757114009e-08	-9.147261e-02
5.733221007114009e-08	-9.030927e-02
5.748252287906544e-08	-8.847067e-02
5.764350385731574e-08	-8.551607e-02
5.783881635731573e-08	-8.078253e-02
5.803412885731573e-08	-7.489067e-02
5.822944135731573e-08	-6.787144e-02
5.842475385731573e-08	-5.983044e-02
5.862006635731573e-08	-5.088869e-02
5.881537885731572e-08	-4.118073e-02
5.901069135731572e-08	-3.085266e-02
5.920600385731572e-08	-2.005991e-02
5.940131635731572e-08	-8.964891e-03
5.959662885731572e-08	2.265412e-03
5.979194135731572e-08	1.346199e-02
5.998725385731573e-08	2.445633e-02
6.018256635731573e-08	3.508298e-02
6.037787885731574e-08	4.518199e-02
6.057319135731574e-08	5.460138e-02
6.076850385731575e-08	6.319937e-02
6.096381635731575e-08	7.084656e-02
6.115912885731575e-08	7.742786e-02
6.135444135731576e-08	8.284420e-02
6.154975385731576e-08	8.701406e-02
6.174506635731577e-08	8.987466e-02
6.194037885731577e-08	9.138294e-02
6.213569135731578e-08	9.151617e-02
6.233100385731578e-08	9.032198e-02
6.249753815881909e-08	8.824877e-02
6.264908497863591e-08	8.542657e-02
6.284439747863591e-08	8.063068e-02
6.303970997863592e-08	7.469490e-02
6.323502247863592e-08	6.763512e-02
6.343033497863593e-08	5.955756e-02
6.362564747863593e-08	5.058375e-02
6.382095997863594e-08	4.084870e-02
6.401627247863594e-08	3.049888e-02
6.421158497863595e-08	1.969001e-02
6.440689747863595e-08	8.584717e-03
6.460220997863596e-08	-2.649905e-03
6.479752247863596e-08	-1.384483e-02
6.499283497863596e-08	-2.483160e-02
6.518814747863597e-08	-3.544494e-02
6.538345997863597e-08	-4.552514e-02
6.557877247863598e-08	-5.492054e-02
6.577408497863598e-08	-6.348976e-02
6.596939747863599e-08	-7.110390e-02
6.616470997863599e-08	-7.764836e-02
6.636002247863600e-08	-8.302470e-02
6.655533497863600e-08	-8.715200e-02
6.675064747863601e-08	-8.996817e-02
6.694595997863601e-08	-9.143084e-02
6.714127247863602e-08	-9.151798e-02
6.733658497863602e-08	-9.027181e-02
6.750662541386698e-08	-8.810142e-02
6.766078827214988e-08	-8.517545e-02
6.785610077214989e-08	-8.030303e-02
6.805141327214989e-08	-7.429133e-02
6.824672577214990e-08	-6.716198e-02
6.844203827214990e-08	-5.902220e-02
6.863735077214991e-08	-4.999444e-02
6.883266327214991e-08	-4.021452e-02
6.902797577214992e-08	-2.982956e-02
6.922328827214992e-08	-1.899579e-02
6.941860077214993e-08	-7.876178e-03
6.961391327214993e-08	3.361985e-03
6.980922577214994e-08	1.454964e-02
7.000453827214994e-08	2.551849e-02
7.019985077214995e-08	3.610352e-02
7.039516327214995e-08	4.614550e-02
7.059047577214996e-08	5.549335e-02
7.078578827214996e-08	6.400647e-02
7.098110077214996e-08	7.155676e-02
7.117641327214997e-08	7.803067e-02
7.137172577214997e-08	8.333078e-02
7.156703827214998e-08	8.737738e-02
7.176235077214998e-08	9.010958e-02
7.195766327214999e-08	9.148628e-02
7.215297577214999e-08	9.148677e-02
7.234828827215000e-08	9.011105e-02
7.254360077215000e-08	8.740944e-02
7.272099251871497e-08	8.378735e-02
7.291630501871498e-08	7.857019e-02
7.311161751871498e-08	7.220075e-02
7.330693001871499e-08	6.474520e-02
7.350224251871499e-08	5.631571e-02
7.369755501871500e-08	4.703907e-02
7.389286751871500e-08	3.705481e-02
7.408818001871501e-08	2.651314e-02
7.428349251871501e-08	1.557262e-02
7.447880501871502e-08	4.397822e-03
7.467411751871502e-08	-6.843155e-03
7.486943001871503e-08	-1.798122e-02
7.506474251871503e-08	-2.884884e-02
7.526005501871504e-08	-3.928252e-02
7.545536751871504e-08	-4.912534e-02
7.565068001871504e-08	-5.822922e-02
7.584599251871505e-08	-6.645722e-02
7.604130501871505e-08	-7.368558e-02
7.623661751871506e-08	-7.980556e-02
7.643193001871506e-08	-8.472512e-02
7.662724251871507e-08	-8.837024e-02
7.682255501871507e-08	-9.068610e-02
7.701786751871508e-08	-9.163786e-02
7.721318001871508e-08	-9.121121e-02
7.740849251871509e-08	-8.941256e-02
7.760380501871509e-08	-8.626896e-02
7.779911751871510e-08	-8.182772e-02
7.799443001871510e-08	-7.615562e-02
7.818974251871511e-08	-6.933799e-02
7.838505501871511e-08	-6.147738e-02
7.858036751871512e-08	-5.269203e-02
7.877568001871512e-08	-4.311408e-02
7.897099251871513e-08	-3.288762e-02
7.916630501871513e-08	-2.216645e-02
7.936161751871514e-08	-1.111186e-02
7.955693001871514e-08	1.098869e-04
7.975224251871514e-08	1.132999e-02
7.994755501871515e-08	2.237967e-02
8.014286751871515e-08	3.309274e-02
8.033818001871516e-08	4.330803e-02
8.053349251871516e-08	5.287191e-02
8.072880501871517e-08	6.164052e-02
8.092411751871517e-08	6.948195e-02
8.111943001871518e-08	7.627825e-02
8.131474251871518e-08	8.192722e-02
8.151005501871519e-08	8.634388e-02
8.170536751871519e-08	8.946178e-02
8.190068001871520e-08	9.123404e-02
8.209599251871520e-08	9.163399e-02
8.229130501871521e-08	9.071965e-02
8.244971338061096e-08	8.894108e-02
8.263130413858946e-08	8.574065e-02
8.282661663858947e-08	8.109702e-02
8.302192913858947e-08	7.525675e-02
8.321724163858948e-08	6.828453e-02
8.341255413858948e-08	6.028523e-02
8.360786663858949e-08	5.137916e-02
8.380317913858949e-08	4.170030e-02
8.399849163858950e-08	3.139422e-02
8.419380413858950e-08	2.061594e-02
8.438911663858951e-08	9.527566e-03
8.458442913858951e-08	-1.704108e-03
8.477974163858952e-08	-1.291015e-02
8.497505413858952e-08	-2.392200e-02
8.517036663858953e-08	-3.457404e-02
8.536567913858953e-08	-4.470605e-02
8.556099163858954e-08	-5.416562e-02
8.575630413858954e-08	-6.281048e-02
8.595161663858955e-08	-7.051060e-02
8.614692913858955e-08	-7.715017e-02
8.634224163858955e-08	-8.262930e-02
8.653755413858956e-08	-8.686560e-02
8.673286663858956e-08	-8.979534e-02
8.692817913858957e-08	-9.137446e-02
8.712349163858957e-08	-9.157921e-02
8.731880413858958e-08	-9.046949e-02
8.747767376790664e-08	-8.855285e-02
8.764170129317515e-08	-8.555271e-02
8.783701379317515e-08	-8.081183e-02
8.803232629317516e-08	-7.490806e-02
8.822763879317516e-08	-6.787763e-02
8.842295129317517e-08	-5.982628e-02
8.861826379317517e-08	-5.087510e-02
8.881357629317518e-08	-4.115874e-02
8.900888879317518e-08	-3.082332e-02
8.920420129317519e-08	-2.002430e-02
8.939951379317519e-08	-8.924111e-03
8.959482629317520e-08	2.310301e-03
8.979013879317520e-08	1.350996e-02
8.998545129317521e-08	2.450641e-02
9.018076379317521e-08	3.513427e-02
9.037607629317521e-08	4.523368e-02
9.057138879317522e-08	5.465274e-02
9.076670129317522e-08	6.324977e-02
9.096201379317523e-08	7.089549e-02
9.115732629317523e-08	7.747488e-02
9.135263879317524e-08	8.288898e-02
9.154795129317524e-08	8.705638e-02
9.174326379317525e-08	8.991437e-02
9.193857629317525e-08	9.141999e-02
9.213388879317526e-08	9.155059e-02
9.232920129317526e-08	9.035578e-02
9.249460315468903e-08	8.829521e-02
9.264799408610691e-08	8.543649e-02
9.284330658610691e-08	8.063697e-02
9.303861908610692e-08	7.469495e-02
9.323393158610692e-08	6.762949e-02
9.342924408610693e-08	5.954686e-02
9.362455658610693e-08	5.056863e-02
9.381986908610694e-08	4.082983e-02
9.401518158610694e-08	3.047694e-02
9.421049408610695e-08	1.966567e-02
9.440580658610695e-08	8.558617e-03
9.460111908610696e-08	-2.677152e-03
9.479643158610696e-08	-1.387265e-02
9.499174408610697e-08	-2.485950e-02
9.518705658610697e-08	-3.547244e-02
9.538236908610698e-08	-4.555186e-02
9.557768158610698e-08	-5.494615e-02
9.577299408610699e-08	-6.351402e-02
9.596830658610699e-08	-7.112662e-02
9.616361908610699e-08	-7.766943e-02
9.635893158610700e-08	-8.304404e-02
9.655424408610700e-08	-8.716964e-02
9.674955658610701e-08	-8.998415e-02
9.694486908610701e-08	-9.144525e-02
9.714018158610702e-08	-9.153097e-02
9.733549408610702e-08	-9.028472e-02
9.750484922634733e-08	-8.812577e-02
9.765789608040683e-08	-8.522578e-02
9.785320858040684e-08	-8.036223e-02
9.804852108040684e-08	-7.436074e-02
9.824383358040685e-08	-6.724084e-02
9.843914608040685e-08	-5.910964e-02
9.863445858040686e-08	-5.008941e-02
9.882977108040686e-08	-4.031583e-02
9.902508358040687e-08	-2.993589e-02
9.922039608040687e-08	-1.910572e-02
9.941570858040688e-08	-7.988187e-03
9.961102108040688e-08	3.249486e-03
9.980633358040688e-08	1.443828e-02
1.000016460804069e-07	2.540992e-02
1.001969585804069e-07	3.599939e-02
1.003922710804069e-07	4.604741e-02
1.005875835804069e-07	5.540286e-02
1.007828960804069e-07	6.392504e-02
1.009782085804069e-07	7.148575e-02
1.011735210804069e-07	7.797129e-02
1.013688335804069e-07	8.328411e-02
1.015641460804069e-07	8.734430e-02
1.017594585804069e-07	9.009080e-02
1.019547710804069e-07	9.148230e-02
1.021500835804069e-07	9.149786e-02
1.023453960804069e-07	9.017118e-02
1.025209712469418e-07	8.783724e-02
1.026841474887158e-07	8.463681e-02
1.028794599887158e-07	7.962340e-02
1.030747724887158e-07	7.346597e-02
1.032700849887158e-07	6.620359e-02
1.034653974887158e-07	5.794550e-02
1.036607099887159e-07	4.881591e-02
1.038560224887159e-07	3.895210e-02
1.040513349887159e-07	2.850245e-02
1.042466474887159e-07	1.762412e-02
1.044419599887159e-07	6.480714e-03
1.046372724887159e-07	-4.760163e-03
1.048325849887159e-07	-1.592945e-02
1.050278974887159e-07	-2.685915e-02
1.052232099887159e-07	-3.738488e-02
1.054185224887159e-07	-4.734833e-02
1.056138349887159e-07	-5.659965e-02
1.058091474887159e-07	-6.499969e-02
1.060044599887159e-07	-7.242212e-02
1.061997724887159e-07	-7.875529e-02
1.063950849887159e-07	-8.390395e-02
1.065903974887159e-07	-8.779065e-02
1.067857099887159e-07	-9.035696e-02
1.069810224887159e-07	-9.156427e-02
1.071763349887159e-07	-9.139440e-02
1.073716474887159e-07	-8.984993e-02
1.075669599887159e-07	-8.695940e-02
1.077590197797498e-07	-8.283591e-02
1.079543322797498e-07	-7.740234e-02
1.081496447797498e-07	-7.080994e-02
1.083449572797498e-07	-6.315252e-02
1.085402697797498e-07	-5.454526e-02
1.087355822797498e-07	-4.511760e-02
1.089308947797498e-07	-3.501135e-02
1.091262072797499e-07	-2.437851e-02
1.093215197797499e-07	-1.337900e-02
1.095168322797499e-07	-2.178262e-03
1.097121447797499e-07	9.055245e-03
1.099074572797499e-07	2.015256e-02
1.101027697797499e-07	3.094677e-02
1.102980822797499e-07	4.127553e-02
1.104933947797499e-07	5.098349e-02
1.106887072797499e-07	5.992463e-02
1.108840197797499e-07	6.796446e-02
1.110793322797499e-07	7.498209e-02
1.112746447797499e-07	8.087194e-02
1.114699572797499e-07	8.554542e-02
1.116652697797499e-07	8.893226e-02
1.118605822797499e-07	9.098150e-02
1.120558947797499e-07	9.166232e-02
1.122512072797499e-07	9.096448e-02
1.124465197797499e-07	8.891825e-02
1.126301160698656e-07	8.575562e-02
1.128254285698656e-07	8.112203e-02
1.130207410698656e-07	7.528807e-02
1.132160535698656e-07	6.832175e-02
1.134113660698656e-07	6.032783e-02
1.136066785698656e-07	5.142653e-02
1.138019910698656e-07	4.175175e-02
1.139973035698656e-07	3.144899e-02
1.141926160698656e-07	2.067321e-02
1.143879285698656e-07	9.586496e-03
1.145832410698656e-07	-1.644410e-03
1.147785535698657e-07	-1.285059e-02
1.149738660698657e-07	-2.386349e-02
1.151691785698657e-07	-3.451747e-02
1.153644910698657e-07	-4.465229e-02
1.155598035698657e-07	-5.411552e-02
1.157551160698657e-07	-6.276482e-02
1.159504285698657e-07	-7.047009e-02
1.161457410698657e-07	-7.711545e-02
1.163410535698657e-07	-8.260094e-02
1.165363660698657e-07	-8.684406e-02
1.167316785698657e-07	-8.978099e-02
1.169269910698657e-07	-9.136756e-02
1.171223035698657e-07	-9.157988e-02
1.173176160698657e-07	-9.047907e-02
1.174757392405496e-07	-8.857795e-02
1.176409821349494e-07	-8.556157e-02
1.178362946349494e-07	-8.082683e-02
1.180316071349494e-07	-7.492696e-02
1.182269196349494e-07	-6.790018e-02
1.184222321349494e-07	-5.985215e-02
1.186175446349494e-07	-5.090392e-02
1.188128571349494e-07	-4.119008e-02
1.190081696349494e-07	-3.085673e-02
1.192034821349494e-07	-2.005928e-02
1.193987946349494e-07	-8.960125e-03
1.195941071349494e-07	2.273794e-03
1.197894196349494e-07	1.347352e-02
1.199847321349494e-07	2.447059e-02
1.201800446349494e-07	3.509962e-02
1.203753571349494e-07	4.520074e-02
1.205706696349494e-07	5.462202e-02
1.207659821349494e-07	6.322176e-02
1.209612946349494e-07	7.087062e-02
1.211566071349494e-07	7.745355e-02
1.213519196349494e-07	8.287154e-02
1.215472321349494e-07	8.704311e-02
1.217425446349494e-07	8.990550e-02
1.219378571349494e-07	9.141567e-02
1.221331696349495e-07	9.155089e-02
1.223284821349495e-07	9.036152e-02
1.224934321880642e-07	8.831073e-02
1.226475588542972e-07	8.544171e-02
1.228428713542972e-07	8.064595e-02
1.230381838542972e-07	7.470634e-02
1.232334963542972e-07	6.764313e-02
1.234288088542972e-07	5.956256e-02
1.236241213542972e-07	5.058615e-02
1.238194338542972e-07	4.084892e-02
1.240147463542973e-07	3.049731e-02
1.242100588542973e-07	1.968702e-02
1.244053713542973e-07	8.580623e-03
1.246006838542973e-07	-2.654828e-03
1.247959963542973e-07	-1.385035e-02
1.249913088542973e-07	-2.483756e-02
1.251866213542973e-07	-3.545121e-02
1.253819338542973e-07	-4.553166e-02
1.255772463542973e-07	-5.492731e-02
1.257725588542973e-07	-6.349683e-02
1.259678713542973e-07	-7.111134e-02
1.261631838542973e-07	-7.765631e-02
1.263584963542973e-07	-8.303329e-02
1.265538088542973e-07	-8.716144e-02
1.267491213542973e-07	-8.997864e-02
1.269444338542973e-07	-9.144251e-02
1.271397463542973e-07	-9.153106e-02
1.273350588542973e-07	-9.028812e-02
1.275041405808337e-07	-8.813655e-02
1.276567421815647e-07	-8.524936e-02
1.278520546815648e-07	-8.039229e-02
1.280473671815648e-07	-7.439759e-02
1.282426796815648e-07	-6.728395e-02
1.284379921815648e-07	-5.915835e-02
1.286333046815648e-07	-5.014301e-02
1.288286171815648e-07	-4.037350e-02
1.290239296815648e-07	-2.999677e-02
1.292192421815648e-07	-1.916889e-02
1.294145546815648e-07	-8.052694e-03
1.296098671815648e-07	3.184614e-03
1.298051796815648e-07	1.437403e-02
1.300004921815648e-07	2.534726e-02
1.301958046815648e-07	3.593925e-02
1.303911171815648e-07	4.599072e-02
1.305864296815648e-07	5.535048e-02
1.307817421815648e-07	6.387775e-02
1.309770546815648e-07	7.144429e-02
1.311723671815648e-07	7.793629e-02
1.313676796815648e-07	8.325610e-02
1.315629921815648e-07	8.732371e-02
1.317583046815648e-07	9.007795e-02
1.319536171815649e-07	9.147738e-02
1.321489296815649e-07	9.150096e-02
1.323442421815649e-07	9.018350e-02
1.325190925625677e-07	8.787019e-02
1.326810884857027e-07	8.470535e-02
1.328764009857027e-07	7.970928e-02
1.330717134857027e-07	7.356988e-02
1.332670259857027e-07	6.632398e-02
1.334623384857027e-07	5.808056e-02
1.336576509857027e-07	4.896360e-02
1.338529634857027e-07	3.911022e-02
1.340482759857027e-07	2.866861e-02
1.342435884857027e-07	1.779582e-02
1.344389009857027e-07	6.655371e-03
1.346342134857027e-07	-4.585177e-03
1.348295259857027e-07	-1.575677e-02
1.350248384857027e-07	-2.669138e-02
1.352201509857027e-07	-3.722454e-02
1.354154634857027e-07	-4.719784e-02
1.356107759857027e-07	-5.646129e-02
1.358060884857027e-07	-6.487554e-02
1.360014009857027e-07	-7.231404e-02
1.361967134857028e-07	-7.866491e-02
1.363920259857028e-07	-8.383265e-02
1.365873384857028e-07	-8.773951e-02
1.367826509857028e-07	-9.032675e-02
1.369779634857028e-07	-9.155543e-02
1.371732759857028e-07	-9.140709e-02
1.373685884857028e-07	-8.988395e-02
1.375639009857028e-07	-8.701742e-02
1.377540403727634e-07	-8.296061e-02
1.379493528727634e-07	-7.755466e-02
1.381446653727634e-07	-7.099074e-02
1.383399778727634e-07	-6.335908e-02
1.385352903727634e-07	-5.477448e-02
1.387306028727634e-07	-4.536604e-02
1.389259153727634e-07	-3.527527e-02
1.391212278727634e-07	-2.465394e-02
1.393165403727634e-07	-1.366180e-02
1.395118528727634e-07	-2.464173e-03
1.397071653727634e-07	8.770524e-03
1.399024778727634e-07	1.987331e-02
1.400977903727634e-07	3.067720e-02
1.402931028727634e-07	4.101970e-02
1.404884153727635e-07	5.074524e-02
1.406837278727635e-07	5.970756e-02
1.408790403727635e-07	6.777184e-02
1.410743528727635e-07	7.481680e-02
1.412696653727635e-07	8.073649e-02
1.414649778727635e-07	8.544184e-02
1.416602903727635e-07	8.886211e-02
1.418556028727635e-07	9.094585e-02
1.420509153727635e-07	9.166171e-02
1.422462278727635e-07	9.099892e-02
1.424415403727635e-07	8.898195e-02
1.426282633808604e-07	8.578765e-02
1.428235758808605e-07	8.117127e-02
1.430188883808605e-07	7.534853e-02
1.432142008808605e-07	6.839249e-02
1.434095133808605e-07	6.040780e-02
1.436048258808605e-07	5.151453e-02
1.438001383808605e-07	4.184645e-02
1.439954508808605e-07	3.154897e-02
1.441907633808605e-07	2.077697e-02
1.443860758808605e-07	9.692469e-03
1.445813883808605e-07	-1.537822e-03
1.447767008808605e-07	-1.274499e-02
1.449720133808605e-07	-2.376047e-02
1.451673258808605e-07	-3.441858e-02
1.453626383808605e-07	-4.455902e-02
1.455579508808605e-07	-5.402927e-02
1.457532633808605e-07	-6.268688e-02
1.459485758808605e-07	-7.040165e-02
1.461438883808605e-07	-7.705754e-02
1.463392008808605e-07	-8.255443e-02
1.465345133808605e-07	-8.680965e-02
1.467298258808605e-07	-8.975920e-02
1.469251383808606e-07	-9.135871e-02
1.471204508808606e-07	-9.158412e-02
1.473157633808606e-07	-9.049835e-02
1.474727225058770e-07	-8.862216e-02
1.476398606218415e-07	-8.558144e-02
1.478351731218415e-07	-8.085708e-02
1.480304856218415e-07	-7.496399e-02
1.482257981218415e-07	-6.794341e-02
1.484211106218415e-07	-5.990094e-02
1.486164231218415e-07	-5.095753e-02
1.488117356218415e-07	-4.124771e-02
1.490070481218415e-07	-3.091750e-02
1.492023606218415e-07	-2.012228e-02
1.493976731218415e-07	-9.024411e-03
1.495929856218415e-07	2.209194e-03
1.497882981218415e-07	1.340957e-02
1.499836106218415e-07	2.440827e-02
1.501789231218415e-07	3.503986e-02
1.503742356218415e-07	4.514444e-02
1.505695481218415e-07	5.457002e-02
1.507648606218415e-07	6.317485e-02
1.509601731218415e-07	7.082950e-02
1.511554856218416e-07	7.741884e-02
1.513507981218416e-07	8.284377e-02
1.515461106218416e-07	8.702269e-02
1.517414231218416e-07	8.989275e-02
1.519367356218416e-07	9.141077e-02
1.521320481218416e-07	9.155393e-02
1.523273606218416e-07	9.037365e-02
1.524916060825872e-07	8.833855e-02
1.526468801119928e-07	8.545392e-02
1.528421926119928e-07	8.066443e-02
1.530375051119928e-07	7.472891e-02
1.532328176119928e-07	6.766944e-02
1.534281301119928e-07	5.959222e-02
1.536234426119928e-07	5.061872e-02
1.538187551119928e-07	4.088390e-02
1.540140676119928e-07	3.053417e-02
1.542093801119928e-07	1.972521e-02
1.544046926119929e-07	8.619569e-03
1.546000051119929e-07	-2.615712e-03
1.547953176119929e-07	-1.381166e-02
1.549906301119929e-07	-2.479987e-02
1.551859426119929e-07	-3.541509e-02
1.553812551119929e-07	-4.549766e-02
1.555765676119929e-07	-5.489592e-02
1.557718801119929e-07	-6.346855e-02
1.559671926119929e-07	-7.108657e-02
1.561625051119929e-07	-7.763544e-02
1.563578176119929e-07	-8.301664e-02
1.565531301119929e-07	-8.714924e-02
1.567484426119929e-07	-8.997108e-02
1.569437551119929e-07	-9.143972e-02
1.571390676119929e-07	-9.153306e-02
1.573343801119929e-07	-9.029564e-02
1.575030354480874e-07	-8.815581e-02
1.576549426752136e-07	-8.528869e-02
1.578502551752136e-07	-8.044194e-02
1.580455676752136e-07	-7.445800e-02
1.582408801752136e-07	-6.735421e-02
1.584361926752136e-07	-5.923740e-02
1.586315051752136e-07	-5.022966e-02
1.588268176752136e-07	-4.046645e-02
1.590221301752136e-07	-3.009463e-02
1.592174426752136e-07	-1.927017e-02
1.594127551752136e-07	-8.155882e-03
1.596080676752136e-07	3.081072e-03
1.598033801752136e-07	1.427169e-02
1.599986926752136e-07	2.524766e-02
1.601940051752136e-07	3.584390e-02
1.603893176752136e-07	4.590105e-02
1.605846301752136e-07	5.526783e-02
1.607799426752136e-07	6.380337e-02
1.609752551752136e-07	7.137930e-02
1.611705676752136e-07	7.788166e-02
1.613658801752136e-07	8.321266e-02
1.615611926752136e-07	8.729211e-02
1.617565051752137e-07	9.005866e-02
1.619518176752137e-07	9.147070e-02
1.621471301752137e-07	9.150699e-02
1.623424426752137e-07	9.020411e-02
1.625161627265560e-07	8.792291e-02
1.626763178926039e-07	8.481333e-02
1.628716303926039e-07	7.984440e-02
1.630669428926039e-07	7.373323e-02
1.632622553926039e-07	6.651311e-02
1.634575678926039e-07	5.829263e-02
1.636528803926039e-07	4.919541e-02
1.638481928926039e-07	3.935828e-02
1.640435053926039e-07	2.892920e-02
1.642388178926039e-07	1.806502e-02
1.644341303926040e-07	6.929133e-03
1.646294428926040e-07	-4.310974e-03
1.648247553926040e-07	-1.548625e-02
1.650200678926040e-07	-2.642861e-02
1.652153803926040e-07	-3.697348e-02
1.654106928926040e-07	-4.696226e-02
1.656060053926040e-07	-5.624472e-02
1.658013178926040e-07	-6.468125e-02
1.659966303926040e-07	-7.214496e-02
1.661919428926040e-07	-7.852359e-02
1.663872553926040e-07	-8.372120e-02
1.665825678926040e-07	-8.765962e-02
1.667778803926040e-07	-9.027961e-02
1.669731928926040e-07	-9.154176e-02
1.671685053926040e-07	-9.142709e-02
1.673638178926040e-07	-8.993732e-02
1.675591303926040e-07	-8.710829e-02
1.677462745674591e-07	-8.315458e-02
1.679415870674591e-07	-7.779181e-02
1.681368995674591e-07	-7.127246e-02
1.683322120674591e-07	-6.368113e-02
1.685275245674591e-07	-5.513201e-02
1.687228370674591e-07	-4.575368e-02
1.689181495674591e-07	-3.568720e-02
1.691134620674591e-07	-2.508395e-02
1.693087745674591e-07	-1.410343e-02
1.695040870674591e-07	-2.910780e-03
1.696993995674591e-07	8.325655e-03
1.698947120674591e-07	1.943688e-02
1.700900245674591e-07	3.025576e-02
1.702853370674591e-07	4.061959e-02
1.704806495674591e-07	5.037249e-02
1.706759620674591e-07	5.936776e-02
1.708712745674591e-07	6.747012e-02
1.710665870674591e-07	7.455769e-02
1.712618995674592e-07	8.052389e-02
1.714572120674592e-07	8.527896e-02
1.716525245674592e-07	8.875139e-02
1.718478370674592e-07	9.088895e-02
1.720431495674592e-07	9.165950e-02
1.722384620674592e-07	9.105144e-02
1.724337745674592e-07	8.908018e-02
1.726253732271877e-07	8.583803e-02
1.728206857271877e-07	8.124855e-02
1.730159982271877e-07	7.544331e-02
1.732113107271877e-07	6.850336e-02
1.734066232271877e-07	6.053308e-02
1.736019357271877e-07	5.165234e-02
1.737972482271877e-07	4.199471e-02
1.739925607271877e-07	3.170545e-02
1.741878732271877e-07	2.093931e-02
1.743831857271878e-07	9.858233e-03
1.745784982271878e-07	-1.371128e-03
1.747738107271878e-07	-1.257987e-02
1.749691232271878e-07	-2.359941e-02
1.751644357271878e-07	-3.426401e-02
1.753597482271878e-07	-4.441326e-02
1.755550607271878e-07	-5.389451e-02
1.757503732271878e-07	-6.256516e-02
1.759456857271878e-07	-7.029478e-02
1.761409982271878e-07	-7.696714e-02
1.763363107271878e-07	-8.248185e-02
1.765316232271878e-07	-8.675598e-02
1.767269357271878e-07	-8.972524e-02
1.769222482271878e-07	-9.134498e-02
1.771175607271878e-07	-9.159082e-02
1.773128732271878e-07	-9.052857e-02
1.774680164485917e-07	-8.869097e-02
1.776381109540500e-07	-8.561278e-02
1.778334234540500e-07	-8.090464e-02
1.780287359540500e-07	-7.502210e-02
1.782240484540500e-07	-6.801121e-02
1.784193609540500e-07	-5.997740e-02
1.786146734540500e-07	-5.104151e-02
1.788099859540501e-07	-4.133793e-02
1.790052984540501e-07	-3.101262e-02
1.792006109540501e-07	-2.022085e-02
1.793959234540501e-07	-9.124959e-03
1.795912359540501e-07	2.108182e-03
1.797865484540501e-07	1.330962e-02
1.799818609540501e-07	2.431087e-02
1.801771734540501e-07	3.494649e-02
1.803724859540501e-07	4.505649e-02
1.805677984540501e-07	5.448882e-02
1.807631109540501e-07	6.310163e-02
1.809584234540501e-07	7.076535e-02
1.811537359540501e-07	7.736473e-02
1.813490484540501e-07	8.280051e-02
1.815443609540501e-07	8.699092e-02
1.817396734540501e-07	8.987296e-02
1.819349859540501e-07	9.140325e-02
1.821302984540501e-07	9.155878e-02
1.823256109540501e-07	9.039274e-02
1.824887571692657e-07	8.838199e-02
1.826458211894029e-07	8.547319e-02
1.828411336894029e-07	8.069350e-02
1.830364461894029e-07	7.476434e-02
1.832317586894029e-07	6.771072e-02
1.834270711894029e-07	5.963871e-02
1.836223836894029e-07	5.066973e-02
1.838176961894029e-07	4.093866e-02
1.840130086894029e-07	3.059186e-02
1.842083211894030e-07	1.978495e-02
1.844036336894030e-07	8.680471e-03
1.845989461894030e-07	-2.554568e-03
1.847942586894030e-07	-1.375119e-02
1.849895711894030e-07	-2.474099e-02
1.851848836894030e-07	-3.535867e-02
1.853801961894030e-07	-4.544456e-02
1.855755086894030e-07	-5.484695e-02
1.857708211894030e-07	-6.342442e-02
1.859661336894030e-07	-7.104797e-02
1.861614461894030e-07	-7.760293e-02
1.863567586894030e-07	-8.299072e-02
1.865520711894030e-07	-8.713029e-02
1.867473836894030e-07	-8.995940e-02
1.869426961894030e-07	-9.143547e-02
1.871380086894030e-07	-9.153631e-02
1.873333211894030e-07	-9.033718e-02
1.874841451012114e-07	-8.846572e-02
1.876441068631535e-07	-8.550309e-02
1.878394193631535e-07	-8.073897e-02
1.880347318631536e-07	-7.481989e-02
1.882300443631536e-07	-6.777553e-02
1.884253568631536e-07	-5.971181e-02
1.886206693631536e-07	-5.075003e-02
1.888159818631536e-07	-4.102496e-02
1.890112943631536e-07	-3.068286e-02
1.892066068631536e-07	-1.987930e-02
1.894019193631536e-07	-8.776739e-03
1.895972318631536e-07	2.457823e-03
1.897925443631536e-07	1.365542e-02
1.899878568631536e-07	2.464764e-02
1.901831693631536e-07	3.526916e-02
1.903784818631536e-07	4.536023e-02
1.905737943631536e-07	5.476907e-02
1.907691068631536e-07	6.335416e-02
1.909644193631536e-07	7.098641e-02
1.911597318631536e-07	7.755099e-02
1.913550443631536e-07	8.294919e-02
1.915503568631536e-07	8.709982e-02
1.917456693631536e-07	8.994043e-02
1.919409818631536e-07	9.142831e-02
1.921362943631537e-07	9.154108e-02
1.923316068631537e-07	9.032599e-02
1.924985199914100e-07	8.823095e-02
1.926494499080987e-07	8.540565e-02
1.928447624080987e-07	8.059220e-02
1.930400749080987e-07	7.464102e-02
1.932353874080987e-07	6.756724e-02
1.934306999080987e-07	5.947725e-02
1.936260124080987e-07	5.049272e-02
1.938213249080987e-07	4.074878e-02
1.940166374080987e-07	3.039196e-02
1.942119499080987e-07	1.957805e-02
1.944072624080988e-07	8.469679e-03
1.946025749080988e-07	-2.766079e-03
1.947978874080988e-07	-1.396024e-02
1.949931999080988e-07	-2.494444e-02
1.951885124080988e-07	-3.555347e-02
1.953838249080988e-07	-4.562778e-02
1.955791374080988e-07	-5.501584e-02
1.957744499080988e-07	-6.357645e-02
1.959697624080988e-07	-7.118087e-02
1.961650749080988e-07	-7.771470e-02
1.963603874080988e-07	-8.307969e-02
1.965556999080988e-07	-8.719514e-02
1.967510124080988e-07	-8.999915e-02
1.969463249080988e-07	-9.144956e-02
1.971416374080988e-07	-9.152453e-02
1.973369499080988e-07	-9.026606e-02
1.975072195886962e-07	-8.808149e-02
1.976617557745012e-07	-8.513791e-02
1.978570682745013e-07	-8.025201e-02
1.980523807745013e-07	-7.422730e-02
1.982476932745013e-07	-6.708620e-02
1.984430057745013e-07	-5.893613e-02
1.986383182745013e-07	-4.989966e-02
1.988336307745013e-07	-4.011269e-02
1.990289432745013e-07	-2.972242e-02
1.992242557745013e-07	-1.888512e-02
1.994195682745013e-07	-7.763781e-03
1.996148807745013e-07	3.474330e-03
1.998101932745013e-07	1.466231e-02
2.000000000000000e-07	2.541726e-02
